2
0 0 0 1 2 1 1 2 
72 189 

2
0 1 0 0 1 0 0 0 1 2 3 1 0 1 2 3 
234 295 

2
0 1 0 0 1 0 0 1 2 3 4 5 2 3 1 0 1 2 2 3 4 0 1 0 1 2 3 1 2 3 4 5 
441 698 

2
0 0 0 1 1 2 3 4 5 1 1 2 1 2 1 2 3 0 0 1 1 2 3 0 1 2 3 4 2 3 4 5 6 7 8 9 10 2 3 0 1 2 1 1 1 1 1 2 3 0 0 1 2 1 1 1 2 1 2 1 1 2 3 0 
928 1908 

2
0 1 2 3 0 0 1 2 0 1 2 0 1 0 1 2 3 4 4 4 5 1 2 0 1 0 0 1 2 3 0 0 0 1 2 3 4 4 5 6 7 8 9 0 1 0 1 2 3 4 4 4 5 6 7 0 0 0 1 0 0 1 0 1 0 1 0 1 2 3 4 4 5 6 0 0 0 0 0 1 2 0 0 0 0 1 0 1 2 3 4 5 6 7 0 1 0 0 1 2 3 0 0 1 0 1 0 0 1 2 0 1 0 1 2 3 0 0 0 0 1 2 0 0 0 0 1 0 
1124 2727 

