127
141
20
75
412
198
437
272
219
265
880
825
385
886
175
534
260
853
65
909
866
633
884
47
144
25
753
867
901
538
892
483
687
766
158
295
737
833
651
220
745
596
487
349
740
112
297
222
315
645
757
126
920
327
326
59
92
8
54
841
575
404
587
875
346
625
847
51
650
164
922
510
546
440
395
521
228
384
493
794
445
814
55
930
878
22
399
105
299
580
101
357
41
908
492
58
527
857
751
891
780
201
513
113
552
626
278
593
296
540
377
911
149
824
94
578
103
153
682
680
203
10
495
250
868
621
635
670
797
261
89
439
274
547
860
214
223
504
97
255
777
207
264
121
154
605
122
785
428
240
496
610
280
359
186
293
478
13
62
79
64
559
334
366
611
712
66
60
308
551
602
864
747
392
348
906
393
227
254
881
382
595
394
684
929
383
409
425
588
870
229
469
422
91
638
899
336
619
9
195
331
786
390
565
704
448
405
301
30
604
781
774
134
177
622
742
617
340
889
3
417
93
525
849
279
86
350
655
407
421
6
470
235
270
320
414
386
728
467
676
659
789
479
730
451
32
477
508
33
560
31
672
826
914
688
918
191
416
83
212
132
531
519
845
88
831
294
218
844
876
683
252
567
916
715
874
807
837
656
194
823
42
287
120
910
935
843
526
90
375
514
216
642
788
367
342
532
11
2
102
812
858
700
246
716
673
838
768
536
608
925
29
81
271
213
397
1
251
181
77
325
464
890
371
358
245
629
339
289
323
708
564
808
466
926
192
658
461
535
68
620
698
415
834
418
115
583
410
933
616
180
400
482
247
70
389
329
462
435
654
865
800
606
253
398
63
160
591
269
569
733
877
401
701
872
82
221
168
189
69
646
343
664
589
314
577
555
809
304
76
542
202
151
694
815
784
856
52
667
613
488
273
19
290
647
693
26
827
298
506
893
145
798
662
778
117
344
128
155
206
584
256
869
458
473
376
432
657
649
263
489
618
457
721
689
57
763
106
743
241
782
801
539
558
465
571
337
147
309
208
568
570
854
302
760
523
332
750
187
148
162
99
226
806
5
640
368
505
822
163
609
842
917
512
312
370
802
835
56
702
912
233
498
237
818
322
413
533
316
600
257
275
556
805
282
402
709
770
803
459
